0.0 0.016133353108263228 0.016133353108263228 0.03527841372102257 0.058748277869098336 0.04722436493813734 0.06912308650800313 0.020343136120887728 0.025040429063895597 0.02687086541097952 0.03948660737211977 0.02318918806294158 0.02196174702397597 0.018453505325054426 0.028110959238283485 0.028110959238283485 0.02444897139235373
0.016133353108263228 0.0 0.0 0.02579738883219627 0.06082826961955646 0.04250391042518537 0.07435147055379344 0.017419973551192264 0.02216336524920957 0.021773262541682332 0.03516606250519686 0.022957144161058974 0.01564907388605744 0.017592179940763286 0.023165870283702678 0.023165870283702678 0.02080748833680665
0.016133353108263228 0.0 0.0 0.02579738883219627 0.06082826961955646 0.04250391042518537 0.07435147055379344 0.017419973551192264 0.02216336524920957 0.021773262541682332 0.03516606250519686 0.022957144161058974 0.01564907388605744 0.017592179940763286 0.023165870283702678 0.023165870283702678 0.02080748833680665
0.035278413721022486 0.025797388832196188 0.025797388832196188 0.0 0.0684630652557921 0.027532868830666107 0.0864282397465007 0.02344952714619951 0.030353733335102075 0.03422677529313197 0.02865749181867013 0.03413397626061987 0.018670747047566966 0.029354218271172672 0.024711655841774132 0.024711655841774132 0.0270479742221657
0.058748277869098336 0.060828269619556376 0.060828269619556376 0.06846306525579218 0.0 0.06717807458662944 0.03469069551573934 0.0673097507112154 0.06317498267814027 0.0585688032070711 0.08723945210864 0.05412300423280139 0.061710380398458504 0.051516472584436805 0.06266378609267738 0.06266378609267738 0.0622690164190207
0.04722436493813734 0.04250391042518538 0.04250391042518538 0.02753286883066619 0.06717807458662944 0.0 0.08940745625636898 0.03785196292733198 0.04460673962314758 0.04546618024635644 0.04211626252909403 0.04516856297058282 0.03233443496131879 0.03951173523924302 0.041451273357357196 0.041451273357357196 0.042269235986848404
0.06912308650800304 0.07435147055379336 0.07435147055379336 0.08642823974650078 0.03469069551573934 0.08940745625636898 0.0 0.08499820755282592 0.08042662986815378 0.06295492683250277 0.10713323893213512 0.06979508934344232 0.07974923396671181 0.0697520607217278 0.08137505179339553 0.08137505179339553 0.08118829961387374
0.02034313612088781 0.017419973551192264 0.017419973551192264 0.023449527146199675 0.06730975071121548 0.03785196292733181 0.08499820755282592 0.0 0.014973272589204648 0.02752670074782441 0.023915801809471077 0.02249627904423962 0.011054448012753753 0.01763215330192977 0.01443921792724865 0.01443921792724865 0.01239236223033343
0.02504042906389543 0.022163365249209654 0.022163365249209654 0.030353733335102075 0.0631749826781402 0.04460673962314766 0.0804266298681537 0.014973272589204648 0.0 0.02652878237248701 0.02972526153067363 0.018969513080591482 0.018362017404644 0.017939958508004072 0.012609541293783243 0.012609541293783243 0.010608755538700564
0.026870865410979435 0.021773262541682246 0.021773262541682246 0.034226775293132054 0.058568803207071016 0.04546618024635635 0.06295492683250277 0.02752670074782441 0.02652878237248701 0.0 0.049364032129509766 0.024338767415192614 0.02385584104951455 0.02414079148414826 0.027094240500485596 0.027094240500485596 0.026505331215577133
0.03948660737211977 0.035166062505196695 0.035166062505196695 0.02865749181867021 0.08723945210864 0.04211626252909403 0.10713323893213512 0.023915801809470994 0.02972526153067371 0.04936403212950968 0.0 0.040748453178312695 0.029934953686276168 0.03881873309987324 0.028304579720272203 0.028304579720272203 0.027660615292893737
0.02318918806294158 0.022957144161058807 0.022957144161058807 0.03413397626061995 0.05412300423280122 0.04516856297058282 0.06979508934344232 0.022496279044239363 0.018969513080591482 0.02433876741519253 0.040748453178312695 0.0 0.020358007154277016 0.013308997475635785 0.0200544042582189 0.0200544042582189 0.018435179066431474
0.021961747023976144 0.015649073886057272 0.015649073886057272 0.018670747047567136 0.061710380398458504 0.03233443496131879 0.079749233966712 0.011054448012753753 0.018362017404644 0.023855841049514378 0.029934953686276168 0.020358007154277016 0.0 0.016786095900400977 0.015759986357251028 0.015759986357251028 0.01713784573134338
0.018453505325054343 0.01759217994076346 0.01759217994076346 0.029354218271172846 0.051516472584436805 0.0395117352392431 0.0697520607217278 0.01763215330192977 0.017939958508004072 0.02414079148414826 0.0388187330998734 0.013308997475636103 0.016786095900400977 0.0 0.015990839602469026 0.015990839602469026 0.013961832325812596
0.028110959238283394 0.023165870283702594 0.023165870283702594 0.02471165584177405 0.06266378609267738 0.041451273357357106 0.08137505179339544 0.01443921792724865 0.01260954129378316 0.027094240500485513 0.028304579720272286 0.0200544042582189 0.01575998635725111 0.01599083960246894 0.0 0.0 0.008368371142307646
0.028110959238283394 0.023165870283702594 0.023165870283702594 0.02471165584177405 0.06266378609267738 0.041451273357357106 0.08137505179339544 0.01443921792724865 0.01260954129378316 0.027094240500485513 0.028304579720272286 0.0200544042582189 0.01575998635725111 0.01599083960246894 0.0 0.0 0.008368371142307646
0.02444897139235373 0.02080748833680665 0.02080748833680665 0.027047974222165785 0.06226901641902061 0.042269235986848404 0.08118829961387382 0.01239236223033343 0.010608755538700564 0.026505331215577126 0.027660615292893653 0.018435179066431648 0.01713784573134338 0.013961832325812596 0.008368371142307646 0.008368371142307646 0.0
